   5.9341224e-01   1.8849557e+00   2.3497022e+01
   5.9340973e-01   1.8849556e+00  -1.3570857e+01
   5.9341624e-01   1.8849553e+00  -1.9763579e+00
   5.9341510e-01   1.8849580e+00  -5.6733626e+00
   5.9341530e-01   1.8849568e+00   1.9580153e+01
   5.9341667e-01   1.8849575e+00  -9.3949020e+00
   5.9342129e-01   1.8849590e+00   1.5470533e+01
   5.9342257e-01   1.8849579e+00  -1.3307420e+01
   5.9342269e-01   1.8849610e+00   7.9819175e+00
   5.9342569e-01   1.8849617e+00  -4.4533989e+00
   5.9343089e-01   1.8849635e+00   1.3192889e+01
   5.9343303e-01   1.8849647e+00  -2.1486670e-01
   5.9343699e-01   1.8849658e+00   1.0688847e+01
   5.9343863e-01   1.8849672e+00   1.5133702e+01
   5.9344531e-01   1.8849681e+00  -1.0514616e+01
   5.9345007e-01   1.8849737e+00  -8.1834578e+00
   5.9345677e-01   1.8849749e+00   6.1830158e+00
   5.9345840e-01   1.8849757e+00   9.8800745e+00
   5.9346709e-01   1.8849769e+00   6.1924343e+00
   5.9346791e-01   1.8849806e+00   4.0312320e+00
   5.9347806e-01   1.8849855e+00   4.8739747e+00
   5.9348353e-01   1.8849838e+00   2.2976666e+01
   5.9348602e-01   1.8849903e+00   9.6137701e+00
   5.9349439e-01   1.8849948e+00   1.5746818e-01
   5.9350230e-01   1.8849960e+00   1.1559724e+01
   5.9351289e-01   1.8850011e+00   1.7411066e+01
   5.9351806e-01   1.8850012e+00   1.2377277e+01
   5.9352617e-01   1.8850075e+00   3.1269587e-01
   5.9353403e-01   1.8850120e+00   6.0963115e+00
   5.9354451e-01   1.8850118e+00   1.2831881e+01
   5.9355410e-01   1.8850143e+00  -1.4461612e+01
   5.9356189e-01   1.8850214e+00  -1.1487801e+01
   5.9357314e-01   1.8850224e+00  -1.0563333e+00
   5.9358214e-01   1.8850315e+00   6.5192143e+00
   5.9359240e-01   1.8850330e+00  -9.5828921e-01
   5.9359985e-01   1.8850433e+00  -4.7766065e+00
   5.9361256e-01   1.8850416e+00   8.1988983e+00
   5.9362247e-01   1.8850465e+00   1.9145607e+01
   5.9363344e-01   1.8850561e+00   9.9127399e+00
   5.9364523e-01   1.8850581e+00  -7.0379362e-01
   5.9365465e-01   1.8850617e+00   2.8207612e+01
   5.9366787e-01   1.8850662e+00   3.8396023e+01
   5.9367691e-01   1.8850665e+00   4.8613539e+01
   5.9368326e-01   1.8850748e+00   3.0401869e+01
   5.9369194e-01   1.8850798e+00   6.1978263e+01
   5.9370378e-01   1.8850843e+00   8.7823069e+01
   5.9371641e-01   1.8850875e+00   9.1388254e+01
   5.9372852e-01   1.8850897e+00   8.9209833e+01
   5.9373404e-01   1.8850973e+00   1.0906333e+02
   5.9374505e-01   1.8851007e+00   1.3708324e+02
   5.9375269e-01   1.8851055e+00   1.4615171e+02
   5.9376781e-01   1.8851082e+00   1.7150205e+02
   5.9377543e-01   1.8851125e+00   2.0544256e+02
   5.9378438e-01   1.8851194e+00   2.0927861e+02
   5.9379205e-01   1.8851250e+00   2.5580045e+02
   5.9380511e-01   1.8851283e+00   2.5260379e+02
   5.9381278e-01   1.8851299e+00   2.8451238e+02
   5.9382354e-01   1.8851374e+00   3.1040288e+02
   5.9383632e-01   1.8851407e+00   3.5133927e+02
   5.9384619e-01   1.8851456e+00   3.7170634e+02
   5.9385591e-01   1.8851512e+00   3.9251900e+02
   5.9387199e-01   1.8851573e+00   4.0205181e+02
   5.9387909e-01   1.8851578e+00   4.5862864e+02
   5.9389164e-01   1.8851642e+00   4.9371556e+02
   5.9390711e-01   1.8851693e+00   5.0229628e+02
   5.9391731e-01   1.8851783e+00   5.5741519e+02
   5.9392893e-01   1.8851814e+00   5.9564244e+02
   5.9394344e-01   1.8851880e+00   6.0146747e+02
   5.9395531e-01   1.8851954e+00   6.4402560e+02
   5.9396955e-01   1.8852006e+00   6.7778039e+02
   5.9398283e-01   1.8852121e+00   7.0406931e+02
   5.9399945e-01   1.8852133e+00   7.5559410e+02
   5.9401122e-01   1.8852199e+00   8.0929555e+02
   5.9402698e-01   1.8852237e+00   8.0550693e+02
   5.9404260e-01   1.8852326e+00   8.5308871e+02
   5.9405792e-01   1.8852391e+00   8.8675061e+02
   5.9407659e-01   1.8852417e+00   9.2067784e+02
   5.9409093e-01   1.8852516e+00   9.7051473e+02
   5.9410556e-01   1.8852582e+00   1.0137675e+03
   5.9412363e-01   1.8852663e+00   1.0662490e+03
   5.9414209e-01   1.8852738e+00   1.0984988e+03
   5.9415713e-01   1.8852808e+00   1.1455352e+03
   5.9417354e-01   1.8852896e+00   1.1963220e+03
   5.9418891e-01   1.8852974e+00   1.2176947e+03
   5.9421132e-01   1.8853020e+00   1.2470924e+03
   5.9423170e-01   1.8853104e+00   1.2987626e+03
   5.9424363e-01   1.8853221e+00   1.3751498e+03
   5.9426687e-01   1.8853307e+00   1.3849383e+03
   5.9428449e-01   1.8853418e+00   1.4580602e+03
   5.9430206e-01   1.8853428e+00   1.4896335e+03
   5.9432183e-01   1.8853557e+00   1.5519889e+03
   5.9434181e-01   1.8853662e+00   1.5835174e+03
   5.9436149e-01   1.8853722e+00   1.6418373e+03
   5.9438291e-01   1.8853819e+00   1.6929803e+03
   5.9440635e-01   1.8853888e+00   1.7448835e+03
   5.9442442e-01   1.8853982e+00   1.7993206e+03
   5.9444342e-01   1.8854085e+00   1.8534911e+03
   5.9446501e-01   1.8854158e+00   1.9031382e+03
   5.9449064e-01   1.8854279e+00   1.9490076e+03
   5.9451392e-01   1.8854331e+00   2.0230580e+03
   5.9453244e-01   1.8854473e+00   2.0686700e+03
   5.9455645e-01   1.8854559e+00   2.1151812e+03
   5.9458043e-01   1.8854665e+00   2.1753897e+03
   5.9460163e-01   1.8854776e+00   2.2147250e+03
   5.9462459e-01   1.8854841e+00   2.2961162e+03
   5.9464566e-01   1.8854963e+00   2.3546721e+03
   5.9467387e-01   1.8855043e+00   2.3904154e+03
   5.9469916e-01   1.8855179e+00   2.4560943e+03
   5.9472471e-01   1.8855322e+00   2.5204983e+03
   5.9474753e-01   1.8855394e+00   2.6053793e+03
   5.9477070e-01   1.8855502e+00   2.6541222e+03
   5.9479507e-01   1.8855588e+00   2.7086008e+03
   5.9482023e-01   1.8855749e+00   2.7677488e+03
   5.9484626e-01   1.8855859e+00   2.8444108e+03
   5.9487701e-01   1.8855920e+00   2.9024605e+03
   5.9490216e-01   1.8856104e+00   2.9653088e+03
   5.9492602e-01   1.8856214e+00   3.0295280e+03
   5.9495312e-01   1.8856275e+00   3.1008637e+03
   5.9498350e-01   1.8856420e+00   3.1706835e+03
   5.9501080e-01   1.8856571e+00   3.2347375e+03
   5.9503685e-01   1.8856695e+00   3.2972802e+03
   5.9506548e-01   1.8856783e+00   3.3777478e+03
   5.9509553e-01   1.8856912e+00   3.4434322e+03
   5.9512236e-01   1.8857049e+00   3.5072985e+03
   5.9515283e-01   1.8857168e+00   3.5986610e+03
   5.9518441e-01   1.8857292e+00   3.6626036e+03
   5.9521165e-01   1.8857441e+00   3.7332744e+03
   5.9524366e-01   1.8857564e+00   3.8109590e+03
   5.9527059e-01   1.8857684e+00   3.8825869e+03
   5.9530346e-01   1.8857808e+00   3.9533381e+03
   5.9533254e-01   1.8857932e+00   4.0265230e+03
   5.9536462e-01   1.8858096e+00   4.1119932e+03
   5.9539322e-01   1.8858194e+00   4.1982724e+03
   5.9542619e-01   1.8858376e+00   4.2595839e+03
   5.9545625e-01   1.8858526e+00   4.3386496e+03
   5.9549072e-01   1.8858601e+00   4.4216472e+03
   5.9552403e-01   1.8858766e+00   4.4834596e+03
   5.9555722e-01   1.8858913e+00   4.5793384e+03
   5.9558728e-01   1.8859086e+00   4.6606577e+03
   5.9562140e-01   1.8859225e+00   4.7233995e+03
   5.9565449e-01   1.8859369e+00   4.8299027e+03
   5.9568874e-01   1.8859478e+00   4.9117040e+03
   5.9572280e-01   1.8859603e+00   4.9809368e+03
   5.9575423e-01   1.8859803e+00   5.0683087e+03
   5.9579004e-01   1.8859964e+00   5.1522953e+03
   5.9582532e-01   1.8860111e+00   5.2432198e+03
   5.9585827e-01   1.8860266e+00   5.3070482e+03
   5.9589407e-01   1.8860405e+00   5.4238799e+03
   5.9592939e-01   1.8860571e+00   5.4935992e+03
   5.9596306e-01   1.8860724e+00   5.5912281e+03
   5.9599980e-01   1.8860857e+00   5.6833755e+03
   5.9603576e-01   1.8861030e+00   5.7666262e+03
   5.9606931e-01   1.8861178e+00   5.8225348e+03
   5.9610204e-01   1.8861312e+00   5.9342870e+03
   5.9613739e-01   1.8861504e+00   6.0073619e+03
   5.9617316e-01   1.8861634e+00   6.1097553e+03
   5.9620624e-01   1.8861783e+00   6.1816887e+03
   5.9624287e-01   1.8861920e+00   6.2697641e+03
   5.9627777e-01   1.8862107e+00   6.3544401e+03
   5.9630993e-01   1.8862243e+00   6.4382136e+03
   5.9634358e-01   1.8862385e+00   6.5385231e+03
   5.9637954e-01   1.8862555e+00   6.6261059e+03
   5.9641604e-01   1.8862683e+00   6.6964259e+03
   5.9645058e-01   1.8862878e+00   6.7858571e+03
   5.9648397e-01   1.8862997e+00   6.8686947e+03
   5.9651977e-01   1.8863157e+00   6.9434784e+03
   5.9655684e-01   1.8863314e+00   7.0470287e+03
   5.9658530e-01   1.8863469e+00   7.1308505e+03
   5.9662090e-01   1.8863592e+00   7.2036776e+03
   5.9666076e-01   1.8863747e+00   7.3056027e+03
   5.9669399e-01   1.8863933e+00   7.3810917e+03
   5.9672693e-01   1.8864052e+00   7.4655895e+03
   5.9676162e-01   1.8864205e+00   7.5689660e+03
   5.9679805e-01   1.8864385e+00   7.6390958e+03
   5.9682920e-01   1.8864546e+00   7.7104892e+03
   5.9686943e-01   1.8864670e+00   7.8293836e+03
   5.9689977e-01   1.8864816e+00   7.9058807e+03
   5.9693633e-01   1.8864996e+00   7.9963230e+03
   5.9697057e-01   1.8865120e+00   8.0715155e+03
   5.9700510e-01   1.8865258e+00   8.1623807e+03
   5.9704296e-01   1.8865447e+00   8.2257971e+03
   5.9707663e-01   1.8865574e+00   8.2935309e+03
   5.9711429e-01   1.8865732e+00   8.3663586e+03
   5.9715094e-01   1.8865912e+00   8.4274262e+03
   5.9718471e-01   1.8866039e+00   8.4989454e+03
   5.9722189e-01   1.8866208e+00   8.5381440e+03
   5.9725427e-01   1.8866389e+00   8.5953211e+03
   5.9729054e-01   1.8866501e+00   8.6255608e+03
   5.9732901e-01   1.8866700e+00   8.6778205e+03
   5.9736849e-01   1.8866862e+00   8.7278572e+03
   5.9740293e-01   1.8866992e+00   8.7431503e+03
   5.9743952e-01   1.8867201e+00   8.7700727e+03
   5.9747320e-01   1.8867345e+00   8.8043961e+03
   5.9751207e-01   1.8867468e+00   8.8263610e+03
   5.9755116e-01   1.8867671e+00   8.8446457e+03
   5.9758748e-01   1.8867802e+00   8.8751472e+03
   5.9762579e-01   1.8867985e+00   8.8642836e+03
   5.9765917e-01   1.8868138e+00   8.8611066e+03
   5.9769752e-01   1.8868321e+00   8.8700205e+03
   5.9773373e-01   1.8868491e+00   8.8731666e+03
   5.9777127e-01   1.8868628e+00   8.8782982e+03
   5.9781290e-01   1.8868777e+00   8.8786072e+03
   5.9784376e-01   1.8868963e+00   8.8769923e+03
   5.9788523e-01   1.8869125e+00   8.8738052e+03
   5.9792166e-01   1.8869301e+00   8.8627278e+03
   5.9795581e-01   1.8869413e+00   8.8450469e+03
   5.9799204e-01   1.8869609e+00   8.8523114e+03
   5.9802925e-01   1.8869775e+00   8.8515945e+03
   5.9806814e-01   1.8869927e+00   8.8538735e+03
   5.9810364e-01   1.8870083e+00   8.8579505e+03
   5.9814063e-01   1.8870275e+00   8.8538632e+03
   5.9818006e-01   1.8870437e+00   8.8701370e+03
   5.9821392e-01   1.8870600e+00   8.8684050e+03
   5.9825120e-01   1.8870706e+00   8.8568150e+03
   5.9828618e-01   1.8870872e+00   8.8699796e+03
   5.9832230e-01   1.8871085e+00   8.8589594e+03
   5.9836316e-01   1.8871203e+00   8.8577602e+03
   5.9840213e-01   1.8871375e+00   8.8673257e+03
   5.9843428e-01   1.8871557e+00   8.8580550e+03
   5.9847330e-01   1.8871734e+00   8.8757706e+03
   5.9850884e-01   1.8871887e+00   8.8729335e+03
   5.9854494e-01   1.8872048e+00   8.8835709e+03
   5.9858349e-01   1.8872167e+00   8.8636822e+03
   5.9862034e-01   1.8872357e+00   8.8696864e+03
   5.9865641e-01   1.8872548e+00   8.8599441e+03
   5.9869258e-01   1.8872650e+00   8.8696748e+03
   5.9872965e-01   1.8872833e+00   8.8687206e+03
   5.9876727e-01   1.8872962e+00   8.8582678e+03
   5.9880269e-01   1.8873184e+00   8.8525272e+03
   5.9884062e-01   1.8873310e+00   8.8573713e+03
   5.9887899e-01   1.8873450e+00   8.8721068e+03
   5.9891571e-01   1.8873636e+00   8.8614338e+03
   5.9895198e-01   1.8873778e+00   8.8697201e+03
   5.9898848e-01   1.8873969e+00   8.8705577e+03
   5.9902753e-01   1.8874107e+00   8.8714365e+03
   5.9906545e-01   1.8874306e+00   8.8684856e+03
   5.9909913e-01   1.8874452e+00   8.8528842e+03
   5.9913740e-01   1.8874590e+00   8.8696737e+03
   5.9917673e-01   1.8874768e+00   8.8696733e+03
   5.9921092e-01   1.8874961e+00   8.8579255e+03
   5.9925028e-01   1.8875073e+00   8.8568621e+03
   5.9928631e-01   1.8875292e+00   8.8679230e+03
   5.9932198e-01   1.8875441e+00   8.8675765e+03
   5.9935895e-01   1.8875580e+00   8.8544889e+03
   5.9939716e-01   1.8875799e+00   8.8606261e+03
   5.9943357e-01   1.8875915e+00   8.8676615e+03
   5.9947147e-01   1.8876111e+00   8.8694426e+03
   5.9950677e-01   1.8876253e+00   8.8528636e+03
   5.9954290e-01   1.8876405e+00   8.8684763e+03
   5.9957962e-01   1.8876566e+00   8.8911715e+03
   5.9962057e-01   1.8876738e+00   8.8596125e+03
   5.9965565e-01   1.8876874e+00   8.8733826e+03
   5.9969200e-01   1.8877085e+00   8.8781144e+03
   5.9972941e-01   1.8877237e+00   8.8748247e+03
   5.9976540e-01   1.8877441e+00   8.8785423e+03
   5.9980071e-01   1.8877564e+00   8.8575824e+03
   5.9983633e-01   1.8877737e+00   8.8689828e+03
   5.9987570e-01   1.8877943e+00   8.8914072e+03
   5.9990833e-01   1.8878068e+00   8.8465383e+03
   5.9994800e-01   1.8878282e+00   8.8694148e+03
   5.9998488e-01   1.8878458e+00   8.8705996e+03
   6.0002389e-01   1.8878627e+00   8.8607482e+03
   6.0005787e-01   1.8878806e+00   8.8591903e+03
   6.0008905e-01   1.8879055e+00   8.8605685e+03
   6.0012865e-01   1.8879239e+00   8.8807233e+03
   6.0016109e-01   1.8879435e+00   8.8580141e+03
   6.0019564e-01   1.8879647e+00   8.8745315e+03
   6.0023388e-01   1.8879861e+00   8.8594980e+03
   6.0026751e-01   1.8880086e+00   8.8542459e+03
   6.0030322e-01   1.8880346e+00   8.8501137e+03
   6.0033880e-01   1.8880551e+00   8.8575470e+03
   6.0036914e-01   1.8880801e+00   8.8535893e+03
   6.0040226e-01   1.8881063e+00   8.8647175e+03
   6.0043996e-01   1.8881314e+00   8.8515125e+03
   6.0047139e-01   1.8881547e+00   8.8774164e+03
   6.0050022e-01   1.8881843e+00   8.8764724e+03
   6.0053419e-01   1.8882118e+00   8.8602003e+03
   6.0056629e-01   1.8882360e+00   8.8851014e+03
   6.0059901e-01   1.8882635e+00   8.8614809e+03
   6.0063005e-01   1.8882926e+00   8.8510304e+03
   6.0066105e-01   1.8883231e+00   8.8709771e+03
   6.0069109e-01   1.8883519e+00   8.8638237e+03
   6.0072374e-01   1.8883829e+00   8.8687851e+03
   6.0075227e-01   1.8884144e+00   8.8705691e+03
   6.0078092e-01   1.8884456e+00   8.8598696e+03
   6.0081321e-01   1.8884740e+00   8.8599539e+03
   6.0083820e-01   1.8885081e+00   8.8707732e+03
   6.0086480e-01   1.8885397e+00   8.8679433e+03
   6.0089660e-01   1.8885729e+00   8.8753506e+03
   6.0092287e-01   1.8886071e+00   8.8699539e+03
   6.0095351e-01   1.8886445e+00   8.8660545e+03
   6.0097946e-01   1.8886741e+00   8.8592956e+03
   6.0100391e-01   1.8887095e+00   8.8851099e+03
   6.0102979e-01   1.8887446e+00   8.8460223e+03
   6.0105543e-01   1.8887849e+00   8.8493481e+03
   6.0108246e-01   1.8888194e+00   8.8568579e+03
   6.0110691e-01   1.8888505e+00   8.8702496e+03
   6.0113480e-01   1.8888916e+00   8.8586728e+03
   6.0115449e-01   1.8889305e+00   8.8565235e+03
   6.0117807e-01   1.8889674e+00   8.8527899e+03
   6.0120110e-01   1.8890061e+00   8.8694810e+03
   6.0122378e-01   1.8890496e+00   8.8676762e+03
   6.0124623e-01   1.8890851e+00   8.8458941e+03
   6.0126591e-01   1.8891275e+00   8.8609665e+03
   6.0128978e-01   1.8891617e+00   8.8826109e+03
   6.0130926e-01   1.8892055e+00   8.8592272e+03
   6.0132967e-01   1.8892456e+00   8.8602563e+03
   6.0134916e-01   1.8892890e+00   8.8581812e+03
   6.0136635e-01   1.8893277e+00   8.8659500e+03
   6.0138739e-01   1.8893710e+00   8.8581637e+03
   6.0140546e-01   1.8894137e+00   8.8648969e+03
   6.0142423e-01   1.8894517e+00   8.8548750e+03
   6.0143892e-01   1.8894993e+00   8.8627934e+03
   6.0145410e-01   1.8895389e+00   8.8634878e+03
   6.0147256e-01   1.8895857e+00   8.8649350e+03
   6.0148721e-01   1.8896266e+00   8.8737425e+03
   6.0150670e-01   1.8896688e+00   8.8427835e+03
   6.0151670e-01   1.8897142e+00   8.8626806e+03
   6.0153475e-01   1.8897582e+00   8.8628045e+03
   6.0154759e-01   1.8898048e+00   8.8693297e+03
   6.0155931e-01   1.8898494e+00   8.8660931e+03
   6.0157364e-01   1.8898919e+00   8.8599374e+03
   6.0158427e-01   1.8899393e+00   8.8613262e+03
   6.0159447e-01   1.8899862e+00   8.8727357e+03
   6.0160822e-01   1.8900333e+00   8.8657293e+03
   6.0161819e-01   1.8900733e+00   8.8818044e+03
   6.0162921e-01   1.8901203e+00   8.8766387e+03
   6.0163766e-01   1.8901653e+00   8.8691237e+03
   6.0164547e-01   1.8902155e+00   8.8628573e+03
   6.0165256e-01   1.8902585e+00   8.8571679e+03
   6.0166270e-01   1.8903053e+00   8.8452399e+03
   6.0166811e-01   1.8903520e+00   8.8726178e+03
   6.0167492e-01   1.8904036e+00   8.8910015e+03
   6.0168178e-01   1.8904443e+00   8.8508726e+03
   6.0168609e-01   1.8904910e+00   8.8574333e+03
   6.0168876e-01   1.8905403e+00   8.8550242e+03
   6.0169660e-01   1.8905849e+00   8.8572821e+03
   6.0169975e-01   1.8906363e+00   8.8547317e+03
   6.0170367e-01   1.8906821e+00   8.8701543e+03
   6.0170775e-01   1.8907298e+00   8.8703529e+03
   6.0171006e-01   1.8907766e+00   8.8673105e+03
   6.0170851e-01   1.8908237e+00   8.8752355e+03
   6.0171246e-01   1.8908707e+00   8.8675447e+03
   6.0171071e-01   1.8909212e+00   8.8548106e+03
   6.0171073e-01   1.8909708e+00   8.8666786e+03
   6.0170939e-01   1.8910134e+00   8.8594855e+03
   6.0171239e-01   1.8910632e+00   8.8666453e+03
   6.0171021e-01   1.8911101e+00   8.8767918e+03
   6.0170338e-01   1.8911547e+00   8.8562473e+03
   6.0170182e-01   1.8912007e+00   8.8707733e+03
   6.0170053e-01   1.8912506e+00   8.8767230e+03
   6.0169769e-01   1.8912934e+00   8.8764942e+03
   6.0169344e-01   1.8913469e+00   8.8607688e+03
   6.0169202e-01   1.8913920e+00   8.8765687e+03
   6.0168595e-01   1.8914401e+00   8.8544937e+03
   6.0167915e-01   1.8914868e+00   8.8661054e+03
   6.0167409e-01   1.8915347e+00   8.8669357e+03
   6.0167398e-01   1.8915831e+00   8.8654938e+03
   6.0166648e-01   1.8916255e+00   8.8574152e+03
   6.0165960e-01   1.8916755e+00   8.8753901e+03
   6.0165788e-01   1.8917241e+00   8.8661331e+03
   6.0164961e-01   1.8917714e+00   8.8525188e+03
   6.0164594e-01   1.8918178e+00   8.8621302e+03
   6.0164059e-01   1.8918621e+00   8.8653767e+03
   6.0163680e-01   1.8919134e+00   8.8644895e+03
   6.0162604e-01   1.8919561e+00   8.8770660e+03
   6.0162156e-01   1.8920065e+00   8.8672891e+03
   6.0161959e-01   1.8920503e+00   8.8592978e+03
   6.0161233e-01   1.8920982e+00   8.8509330e+03
   6.0160509e-01   1.8921458e+00   8.8703562e+03
   6.0159934e-01   1.8921915e+00   8.8730377e+03
   6.0159526e-01   1.8922389e+00   8.8727229e+03
   6.0159166e-01   1.8922838e+00   8.8659781e+03
   6.0158351e-01   1.8923326e+00   8.8553739e+03
   6.0158071e-01   1.8923840e+00   8.8623718e+03
   6.0157458e-01   1.8924270e+00   8.8595822e+03
   6.0156911e-01   1.8924766e+00   8.8783790e+03
   6.0156131e-01   1.8925173e+00   8.8680198e+03
   6.0155505e-01   1.8925688e+00   8.8551503e+03
   6.0155020e-01   1.8926155e+00   8.8715236e+03
   6.0154424e-01   1.8926641e+00   8.8644961e+03
   6.0154009e-01   1.8927079e+00   8.8760236e+03
   6.0153481e-01   1.8927592e+00   8.8788438e+03
   6.0152773e-01   1.8928042e+00   8.8658621e+03
   6.0152536e-01   1.8928509e+00   8.8685184e+03
   6.0151968e-01   1.8928973e+00   8.8491306e+03
   6.0151125e-01   1.8929426e+00   8.8614571e+03
   6.0150652e-01   1.8929916e+00   8.8684069e+03
   6.0150229e-01   1.8930385e+00   8.8716802e+03
   6.0149359e-01   1.8930827e+00   8.8640203e+03
   6.0149390e-01   1.8931337e+00   8.8649338e+03
   6.0148613e-01   1.8931778e+00   8.8531436e+03
   6.0147944e-01   1.8932273e+00   8.8511782e+03
   6.0147542e-01   1.8932752e+00   8.8625779e+03
   6.0146942e-01   1.8933175e+00   8.8549583e+03
   6.0146141e-01   1.8933674e+00   8.8699010e+03
   6.0145688e-01   1.8934129e+00   8.8577906e+03
   6.0145402e-01   1.8934633e+00   8.8678401e+03
   6.0144896e-01   1.8935072e+00   8.8800342e+03
   6.0144219e-01   1.8935545e+00   8.8718847e+03
   6.0143335e-01   1.8936004e+00   8.8574550e+03
   6.0143134e-01   1.8936525e+00   8.8574327e+03
   6.0142374e-01   1.8936958e+00   8.8616515e+03
   6.0141940e-01   1.8937416e+00   8.8756282e+03
   6.0141368e-01   1.8937884e+00   8.8581481e+03
   6.0140720e-01   1.8938391e+00   8.8699866e+03
   6.0140501e-01   1.8938870e+00   8.8641416e+03
   6.0139552e-01   1.8939317e+00   8.8741916e+03
   6.0139139e-01   1.8939795e+00   8.8619494e+03
   6.0138529e-01   1.8940247e+00   8.8588524e+03
   6.0138056e-01   1.8940716e+00   8.8631864e+03
   6.0137650e-01   1.8941171e+00   8.8628568e+03
   6.0137036e-01   1.8941632e+00   8.8509927e+03
   6.0136338e-01   1.8942136e+00   8.8665099e+03
   6.0135774e-01   1.8942610e+00   8.8758302e+03
   6.0135410e-01   1.8943049e+00   8.8559442e+03
   6.0134861e-01   1.8943531e+00   8.8356669e+03
   6.0134054e-01   1.8944035e+00   8.8251073e+03
   6.0133771e-01   1.8944450e+00   8.7997465e+03
   6.0133137e-01   1.8944953e+00   8.8016702e+03
   6.0132648e-01   1.8945407e+00   8.7800997e+03
   6.0132236e-01   1.8945897e+00   8.7359699e+03
   6.0131070e-01   1.8946324e+00   8.6984746e+03
   6.0130985e-01   1.8946824e+00   8.6801318e+03
   6.0130456e-01   1.8947271e+00   8.6176816e+03
   6.0129840e-01   1.8947747e+00   8.5665812e+03
   6.0129399e-01   1.8948219e+00   8.5150541e+03
   6.0128814e-01   1.8948629e+00   8.4608997e+03
   6.0128370e-01   1.8949114e+00   8.4049110e+03
   6.0127857e-01   1.8949550e+00   8.3290355e+03
   6.0127174e-01   1.8949995e+00   8.2730672e+03
   6.0126877e-01   1.8950445e+00   8.1902520e+03
   6.0126215e-01   1.8950895e+00   8.1192232e+03
   6.0125669e-01   1.8951334e+00   8.0374937e+03
   6.0125125e-01   1.8951785e+00   7.9532226e+03
   6.0124690e-01   1.8952214e+00   7.8683552e+03
   6.0124035e-01   1.8952658e+00   7.7560085e+03
   6.0123764e-01   1.8953108e+00   7.6750424e+03
   6.0123046e-01   1.8953530e+00   7.5708971e+03
   6.0122231e-01   1.8953954e+00   7.4733854e+03
   6.0122072e-01   1.8954399e+00   7.3561650e+03
   6.0121637e-01   1.8954775e+00   7.2397589e+03
   6.0121085e-01   1.8955208e+00   7.1127695e+03
   6.0120554e-01   1.8955615e+00   6.9989302e+03
   6.0119789e-01   1.8956013e+00   6.8548240e+03
   6.0119600e-01   1.8956431e+00   6.7390495e+03
   6.0119125e-01   1.8956834e+00   6.6339486e+03
   6.0118559e-01   1.8957244e+00   6.4826412e+03
   6.0118347e-01   1.8957625e+00   6.3827338e+03
   6.0117604e-01   1.8958062e+00   6.2410921e+03
   6.0117540e-01   1.8958464e+00   6.1160353e+03
   6.0116735e-01   1.8958871e+00   5.9853143e+03
   6.0116573e-01   1.8959296e+00   5.8738372e+03
   6.0115735e-01   1.8959682e+00   5.7547309e+03
   6.0115105e-01   1.8960104e+00   5.6249928e+03
   6.0114984e-01   1.8960509e+00   5.4951497e+03
   6.0114618e-01   1.8960905e+00   5.3760488e+03
   6.0114037e-01   1.8961312e+00   5.2458262e+03
   6.0113564e-01   1.8961736e+00   5.1409372e+03
   6.0112860e-01   1.8962132e+00   4.9930492e+03
   6.0112490e-01   1.8962539e+00   4.8776418e+03
   6.0112207e-01   1.8962973e+00   4.7430552e+03
   6.0111596e-01   1.8963358e+00   4.6306124e+03
   6.0111144e-01   1.8963791e+00   4.4962519e+03
   6.0110444e-01   1.8964198e+00   4.3635265e+03
   6.0110233e-01   1.8964589e+00   4.2355406e+03
   6.0109484e-01   1.8965019e+00   4.1306962e+03
   6.0109376e-01   1.8965418e+00   4.0002220e+03
   6.0108727e-01   1.8965787e+00   3.8656750e+03
   6.0108489e-01   1.8966200e+00   3.7546533e+03
   6.0107797e-01   1.8966627e+00   3.6361199e+03
   6.0107473e-01   1.8967069e+00   3.5099208e+03
   6.0106696e-01   1.8967488e+00   3.4203204e+03
   6.0105962e-01   1.8967956e+00   3.3156395e+03
   6.0105624e-01   1.8968346e+00   3.2003402e+03
   6.0105089e-01   1.8968757e+00   3.1281978e+03
   6.0104878e-01   1.8969217e+00   3.0375317e+03
   6.0104210e-01   1.8969638e+00   2.9365915e+03
   6.0103786e-01   1.8970058e+00   2.8389819e+03
   6.0103102e-01   1.8970532e+00   2.7893591e+03
   6.0102563e-01   1.8970990e+00   2.7004698e+03
   6.0102114e-01   1.8971450e+00   2.6175755e+03
   6.0101623e-01   1.8971886e+00   2.5402864e+03
   6.0100810e-01   1.8972381e+00   2.5043423e+03
   6.0100467e-01   1.8972806e+00   2.4415642e+03
   6.0100111e-01   1.8973284e+00   2.3747059e+03
   6.0099379e-01   1.8973727e+00   2.3379812e+03
   6.0098884e-01   1.8974175e+00   2.2871857e+03
   6.0098236e-01   1.8974651e+00   2.2552535e+03
   6.0097836e-01   1.8975128e+00   2.2157999e+03
   6.0097211e-01   1.8975586e+00   2.1816274e+03
   6.0096704e-01   1.8976051e+00   2.1502339e+03
   6.0096238e-01   1.8976529e+00   2.1296696e+03
   6.0095678e-01   1.8976981e+00   2.1026090e+03
   6.0094806e-01   1.8977420e+00   2.0928143e+03
   6.0094345e-01   1.8977956e+00   2.0830499e+03
   6.0094077e-01   1.8978385e+00   2.0795775e+03
   6.0093437e-01   1.8978849e+00   2.0560200e+03
   6.0092742e-01   1.8979317e+00   2.0890530e+03
   6.0092196e-01   1.8979776e+00   2.0728689e+03
   6.0091839e-01   1.8980249e+00   2.0658034e+03
   6.0091177e-01   1.8980716e+00   2.0700063e+03
   6.0090776e-01   1.8981200e+00   2.0842832e+03
   6.0090162e-01   1.8981706e+00   2.0748787e+03
   6.0089560e-01   1.8982166e+00   2.0822613e+03
   6.0088974e-01   1.8982610e+00   2.0546747e+03
   6.0088392e-01   1.8983078e+00   2.0548254e+03
   6.0087640e-01   1.8983574e+00   2.0734818e+03
   6.0087106e-01   1.8984060e+00   2.0689557e+03
   6.0086898e-01   1.8984553e+00   2.0783367e+03
   6.0086192e-01   1.8984950e+00   2.0676152e+03
   6.0085496e-01   1.8985445e+00   2.0789742e+03
   6.0085116e-01   1.8985901e+00   2.0587144e+03
   6.0084594e-01   1.8986396e+00   2.0754451e+03
   6.0083679e-01   1.8986876e+00   2.0551583e+03
   6.0083204e-01   1.8987337e+00   2.0544956e+03
   6.0083092e-01   1.8987769e+00   2.0655572e+03
   6.0082071e-01   1.8988319e+00   2.0717942e+03
   6.0081492e-01   1.8988760e+00   2.0671239e+03
   6.0081309e-01   1.8989222e+00   2.0777259e+03
   6.0080569e-01   1.8989685e+00   2.0909394e+03
   6.0080254e-01   1.8990143e+00   2.0727849e+03
   6.0079491e-01   1.8990634e+00   2.0777478e+03
   6.0078949e-01   1.8991068e+00   2.0597305e+03
   6.0078192e-01   1.8991579e+00   2.0719686e+03
   6.0077777e-01   1.8992029e+00   2.0626970e+03
   6.0077372e-01   1.8992483e+00   2.0686119e+03
   6.0076757e-01   1.8992982e+00   2.0718627e+03
   6.0076358e-01   1.8993460e+00   2.1011377e+03
   6.0075800e-01   1.8993916e+00   2.0882074e+03
   6.0074828e-01   1.8994381e+00   2.0688020e+03
   6.0074583e-01   1.8994845e+00   2.0582383e+03
   6.0074245e-01   1.8995333e+00   2.0670212e+03
   6.0073513e-01   1.8995750e+00   2.0646678e+03
   6.0073143e-01   1.8996240e+00   2.0791117e+03
   6.0072351e-01   1.8996746e+00   2.0713499e+03
   6.0071917e-01   1.8997193e+00   2.0720252e+03
   6.0071572e-01   1.8997707e+00   2.0685799e+03
   6.0070871e-01   1.8998185e+00   2.0723880e+03
   6.0070511e-01   1.8998598e+00   2.0771271e+03
   6.0069476e-01   1.8999077e+00   2.0958474e+03
   6.0069147e-01   1.8999572e+00   2.1017159e+03
   6.0068743e-01   1.9000033e+00   2.0725965e+03
   6.0067896e-01   1.9000502e+00   2.0847800e+03
   6.0067226e-01   1.9000963e+00   2.0563116e+03
   6.0066904e-01   1.9001440e+00   2.0784387e+03
   6.0066232e-01   1.9001872e+00   2.0743408e+03
   6.0065644e-01   1.9002356e+00   2.0815007e+03
